1	58	69	0	65	45	0	40	
2	49	27	162	41	87	44	31	
3	70	49	0	58	
4	45	91	166	70	104	105	73	
5	29	19	77	60	
6	72	107	157	35	45	88	23	
7	2	21	202	59	25	-94	60	
8	18	71	17	53	
9	59	96	178	23	
10	25	92	0	24	
11	46	105	105	45	
12	13	59	60	24	32	131	73	
13	30	108	0	25	
14	55	87	0	43	
15	44	11	80	72	
16	47	52	16	77	
17	47	13	134	61	60	55	65	
18	1	68	7	41	
19	2	65	0	72	79	0	64	
20	23	58	177	34	86	11	57	
21	39	81	88	44	97	93	47	
22	14	92	6	65	13	0	27	
23	26	49	0	44	28	0	73	
24	60	95	0	47	53	160	42	
25	70	20	13	22	
26	24	79	12	44	90	0	42	
27	26	30	0	23	
28	64	74	0	51	
29	23	47	0	69	44	74	47	
30	52	57	0	64	40	127	33	
31	39	33	25	70	
32	30	49	0	68	
33	64	74	35	26	60	0	67	
34	6	39	96	42	
35	48	38	153	46	25	0	77	
36	38	29	140	65	18	-58	77	
37	13	41	192	36	75	38	61	
38	73	75	0	22	96	135	70	
39	12	100	0	31	
40	18	59	92	48	36	-9	69	
41	24	72	130	67	
42	10	45	0	61	
43	58	32	0	37	28	86	20	
44	9	43	78	26	28	69	27	
45	13	68	0	29	
46	24	19	0	36	108	131	65	
47	64	56	0	77	
48	19	16	159	66	
49	4	27	0	61	80	0	63	
50	49	33	0	36	77	0	56	
51	68	42	0	53	72	0	26	
52	71	92	163	30	
53	15	43	0	65	54	185	77	
54	18	19	0	63	
55	78	89	0	68	
56	31	50	117	76	
57	30	93	0	44	43	105	48	
58	32	104	178	25	
59	11	79	131	69	
60	74	90	0	57	11	0	32	
61	23	10	186	76	
62	45	76	0	73	
63	47	86	0	33	
64	3	82	0	60	40	129	71	
65	37	75	0	79	
66	77	25	172	33	
67	48	25	0	51	
68	29	78	96	66	
69	38	82	29	46	68	0	47	
70	66	64	0	74	69	0	25	
71	13	57	25	79	
72	40	108	0	23	82	154	63	
73	11	55	180	52	88	36	24	
74	59	44	0	50	68	41	48	
75	21	88	0	61	59	0	75	
76	56	31	136	52	78	51	52	
77	23	68	15	72	39	167	60	
78	66	68	0	77	54	173	49	
79	64	100	11	45	
80	30	86	81	27	82	41	79	
81	26	69	88	46	85	132	73	
82	77	25	0	55	
83	1	25	117	20	60	74	30	
84	27	43	0	71	
85	10	41	56	35	79	175	31	
86	49	65	0	23	
87	64	63	0	52	
88	15	36	0	59	
89	79	93	0	20	40	169	35	
90	80	66	0	63	
91	17	65	0	76	
92	63	35	125	56	
93	32	53	200	47	83	189	58	
94	79	16	0	75	
95	31	97	0	59	
96	22	52	91	71	
97	62	29	201	36	90	-67	51	
98	55	98	119	74	63	0	36	
99	12	102	27	47	
100	60	64	0	76	
101	45	53	114	70	98	20	35	
102	77	108	201	64	75	-126	32	
103	71	48	0	65	
104	36	98	0	57	50	0	35	
105	35	68	0	76	102	0	62	
106	61	23	0	39	
107	58	17	105	29	17	-66	62	
108	33	57	71	73	
109	43	97	0	52	
110	62	32	156	79	54	-91	23	
111	12	18	172	73	
112	36	36	0	42	97	0	21	
113	80	30	199	68	55	-51	47	
114	26	69	73	25	24	0	22	
115	68	79	0	79	
116	7	101	0	74	
117	13	15	0	72	
118	5	36	0	44	91	0	47	
119	48	51	0	70	31	0	71	
120	30	11	140	79	79	16	45	
121	32	82	0	63	
122	44	69	0	66	83	0	76	
123	26	31	166	24	28	-163	34	
124	2	20	0	59	
125	50	33	0	60	
126	75	101	0	70	84	0	33	
127	76	106	45	31	
128	68	14	0	59	
129	13	95	0	78	
130	61	104	0	67	
131	61	61	0	60	
132	2	103	48	71	
133	77	10	43	52	
134	75	16	126	74	
135	34	59	0	23	
136	47	22	166	48	42	92	73	
137	65	39	25	65	34	156	48	
138	57	15	12	56	
139	38	37	0	30	105	124	37	
140	47	46	128	66	52	-111	40	
141	38	52	0	58	66	141	56	
142	46	84	153	65	14	0	38	
143	20	40	0	29	
144	16	35	128	55	
145	57	24	123	38	
146	36	35	164	75	107	25	52	
147	45	59	69	45	43	124	44	
148	8	95	0	36	38	8	73	
149	63	82	16	25	44	0	61	
150	16	89	0	24	
151	21	47	0	44	15	97	42	
152	17	28	26	21	
153	26	87	0	22	
154	44	94	0	56	
155	72	47	0	61	34	0	37	
156	71	42	0	29	63	0	24	
157	67	49	67	70	
158	78	55	141	63	30	0	57	
159	14	106	0	27	
160	14	69	0	28	75	0	59	
161	52	53	9	24	99	0	68	
162	32	48	0	43	85	0	55	
163	77	25	65	49	
164	70	101	0	26	
165	32	57	23	33	
166	71	99	153	61	
167	52	20	0	20	87	0	58	
168	80	67	75	39	
169	8	99	0	37	72	125	71	
170	57	39	150	38	
171	55	105	0	67	29	132	22	
172	3	61	189	43	24	176	32	
173	61	22	0	31	
174	5	12	0	52	74	23	48	
175	21	32	0	59	23	0	40	
176	14	15	0	78	
177	26	100	0	33	
178	27	47	21	49	89	130	23	
179	70	102	30	33	
180	69	39	166	31	
181	12	105	0	60	
182	50	13	41	28	
183	30	28	0	64	98	38	50	
184	13	38	0	31	34	0	36	
185	20	106	193	69	108	42	34	
186	57	57	0	30	
187	17	105	100	56	
188	33	49	0	64	72	168	46	
189	64	78	0	57	
190	54	77	33	77	
191	17	83	0	56	
192	48	30	25	36	100	121	79	
193	69	83	0	34	52	0	54	
194	71	99	48	66	20	0	38	
195	58	38	200	35	
196	2	22	63	57	
197	60	98	0	69	95	0	49	
198	63	104	48	58	21	109	28	
199	11	80	191	56	48	86	59	
200	70	36	0	77	
201	22	58	47	42	
202	9	39	57	31	
203	49	80	0	44	16	0	64	
204	28	13	106	31	79	-38	26	
205	28	38	102	59	19	-36	67	
206	62	88	0	64	
207	58	34	179	69	
208	42	45	0	23	
209	60	109	144	40	
210	43	102	134	72	
211	59	98	0	62	
212	20	53	0	39	
213	59	21	144	65	56	147	40	
214	42	83	0	78	
215	5	60	0	68	
216	63	59	0	38	
217	12	31	0	67	44	0	48	
218	44	16	203	50	48	-10	67	
219	38	32	0	25	90	65	78	
220	3	99	0	43	
221	51	49	0	35	
222	13	66	0	53	
223	48	62	49	47	
224	76	105	0	32	50	84	77	
225	79	81	0	48	
226	74	75	164	35	
227	66	106	92	46	
228	34	90	89	71	
229	8	103	0	27	
230	56	43	0	33	
231	61	26	0	46	
232	56	102	0	39	89	0	79	
233	50	48	156	25	36	132	52	
234	7	25	0	49	
235	12	67	0	48	63	61	54	
236	42	11	159	21	
237	80	87	0	44	19	124	75	
238	33	78	168	77	36	0	75	
239	4	72	0	50	
240	51	51	43	46	
241	4	71	0	71	39	9	72	
242	25	66	0	35	58	0	62	
243	14	107	59	57	
244	16	11	0	76	
245	31	76	0	34	
246	7	43	0	49	
247	10	102	170	79	
248	4	99	0	52	
249	3	88	28	68	41	0	75	
250	71	70	0	40	86	136	35	
251	51	81	110	28	
252	6	81	0	45	101	140	79	
253	42	35	56	78	64	202	74	
254	10	104	0	68	
255	24	28	114	71	
256	53	42	200	22	109	93	34	
257	7	76	191	63	107	172	75	
258	61	94	176	68	40	-47	22	
259	41	38	0	44	10	165	27	
260	27	72	38	75	48	137	55	
261	9	77	0	26	14	8	59	
262	69	80	36	71	31	48	25	
263	44	13	173	59	72	-115	75	
264	67	72	46	65	
265	53	63	111	29	106	108	37	
266	45	18	0	33	96	0	30	
267	20	93	129	55	105	-74	34	
268	51	73	0	41	
269	33	84	0	76	
270	37	31	18	69	85	121	77	
271	38	36	148	58	
272	40	57	0	38	
273	35	46	0	24	43	0	59	
274	34	83	162	43	85	0	44	
275	7	100	17	48	84	0	76	
276	65	26	38	34	96	0	45	
277	79	83	0	41	
278	68	16	0	46	79	11	61	
279	74	21	0	67	44	198	50	
280	65	66	0	59	
281	70	21	47	63	103	151	57	
282	39	27	11	63	100	150	71	
283	47	69	0	23	103	0	60	
284	62	64	0	69	89	0	43	
285	2	33	0	21	12	0	70	
286	32	99	129	27	95	0	79	
287	41	60	50	62	91	114	45	
288	53	29	19	49	
289	53	13	74	38	
290	39	107	0	77	
291	35	67	0	41	72	0	45	
292	16	30	0	38	
293	45	79	71	20	
294	47	76	0	52	
295	10	10	0	56	32	0	73	
296	62	78	113	76	
297	67	109	0	67	
298	44	96	0	46	
299	57	86	131	48	
300	39	14	187	20	90	177	64	
301	17	82	0	76	
302	68	87	128	78	
303	60	108	0	72	
304	16	17	0	39	36	0	60	
305	66	105	86	72	104	97	53	
306	48	30	30	64	28	189	52	
307	27	25	189	44	88	-69	50	
308	46	81	195	27	14	-51	77	
309	30	10	0	22	
310	42	12	0	32	
311	6	106	0	71	
312	4	34	191	27	30	153	31	
313	49	25	115	41	
314	5	53	194	57	
315	19	63	0	67	32	0	49	
316	28	107	95	72	46	14	71	
317	76	100	0	52	39	0	75	
318	78	76	27	52	
319	58	33	0	36	45	0	74	
320	66	101	88	63	89	41	24	
321	71	67	0	28	
322	13	88	0	47	55	127	51	
323	11	53	0	76	
324	76	53	29	67	10	0	63	
325	30	55	25	62	80	0	60	
326	26	100	65	72	
327	70	17	6	50	87	38	33	
328	44	88	152	45	
329	75	98	148	42	103	0	65	
330	29	32	0	58	42	66	30	
331	12	105	0	24	103	0	79	
332	16	84	51	25	86	152	53	
333	11	31	0	24	
334	69	98	26	35	
335	19	101	98	39	
336	20	64	8	34	
337	51	11	130	47	
338	32	25	0	22	49	0	27	
339	42	68	0	59	
340	34	41	197	60	105	39	32	
341	32	31	0	21	
342	37	19	0	43	
343	57	104	0	79	100	80	31	
344	53	88	0	27	25	128	73	
345	54	104	0	79	54	0	59	
346	32	39	0	24	40	0	34	
347	3	50	0	45	40	94	72	
348	23	20	106	29	
349	80	82	117	24	
350	34	68	0	72	
351	22	59	159	77	
352	63	26	0	79	
353	61	108	0	54	
354	52	81	0	74	98	0	52	
355	18	53	20	28	
356	12	78	120	49	105	33	46	
357	26	50	167	54	
358	69	14	112	60	
359	73	49	0	68	60	0	70	
360	28	91	156	32	102	189	78	
361	48	38	64	30	
362	63	24	154	42	
363	74	14	91	36	
364	32	106	0	61	18	142	76	
365	15	46	0	65	59	0	44	
366	74	82	68	30	
367	23	85	15	32	35	89	43	
368	48	77	148	57	58	-98	24	
369	1	70	0	56	
370	26	10	81	55	
371	31	70	20	49	74	0	26	
372	67	107	119	54	51	0	71	
373	58	24	0	59	
374	66	66	110	46	
375	55	11	0	38	
376	30	29	0	43	85	0	72	
377	54	30	0	77	63	119	26	
378	56	88	0	73	36	0	46	
379	38	79	0	20	50	165	43	
380	29	21	28	56	94	0	22	
381	50	15	20	70	39	0	66	
382	69	58	24	66	17	107	53	
383	15	79	12	34	
384	45	81	0	44	
385	31	109	0	55	94	152	71	
386	9	23	46	31	33	52	63	
387	35	81	114	24	
388	44	49	176	63	22	-38	65	
389	20	91	0	66	25	123	27	
390	24	90	10	71	21	35	79	
391	39	77	13	77	
392	22	37	167	62	22	-82	31	
393	61	34	0	68	25	0	24	
394	51	87	120	64	
395	24	30	0	79	
396	1	97	0	69	
397	39	25	0	75	
398	26	22	0	41	
399	10	38	0	30	
400	21	20	0	45	
401	77	57	0	72	
402	6	71	92	36	48	28	41	
403	60	51	0	53	
404	50	77	0	29	
405	65	24	180	69	82	-99	22	
406	55	55	0	61	93	0	52	
407	37	109	104	29	52	-68	28	
408	52	29	0	22	
409	45	78	52	26	
410	17	70	0	59	12	127	35	
411	24	83	0	41	21	26	73	
412	79	21	171	60	
413	14	15	0	61	
414	7	93	0	76	81	188	35	
415	39	67	54	54	70	190	46	
416	3	104	189	71	81	-99	57	
417	15	90	144	22	
418	54	65	37	43	
419	18	85	0	29	53	146	23	
420	52	27	0	55	85	86	64	
421	29	86	44	33	
422	32	31	57	69	
423	10	64	0	65	20	0	60	
424	12	65	0	27	88	39	58	
425	27	105	0	29	
426	77	80	0	71	
427	5	75	0	27	66	82	21	
428	20	77	73	36	103	0	29	
429	11	24	143	28	
430	35	73	83	56	
431	35	14	0	72	106	0	37	
432	51	67	119	20	
433	24	27	154	27	54	70	44	
434	28	32	29	67	
435	42	10	0	25	90	0	63	
436	23	66	0	69	
437	34	37	0	29	
438	9	94	165	77	
439	58	65	0	50	
440	47	53	0	68	45	0	65	
441	75	71	0	75	
442	20	82	0	79	29	0	68	
443	56	32	0	74	
444	60	53	0	31	50	0	48	
445	35	20	0	72	103	67	26	
446	4	68	0	22	
447	26	74	26	32	
448	5	53	0	72	
449	68	109	0	68	
450	19	97	116	40	
451	18	58	0	62	22	177	30	
452	28	25	0	73	103	194	23	
453	60	34	40	64	
454	37	12	0	66	81	0	35	
455	68	60	163	34	
456	4	52	76	29	19	0	70	
457	62	60	0	45	
458	8	44	0	65	
459	39	65	127	76	70	-117	31	
460	11	74	55	66	
461	14	80	84	59	65	-15	62	
462	11	65	0	50	99	0	38	
463	70	40	143	78	12	180	22	
464	5	94	0	55	
465	72	46	164	28	
466	48	24	0	23	84	153	33	
467	73	21	12	54	29	10	22	
468	50	35	0	29	30	0	38	
469	47	79	0	35	
470	36	38	192	39	60	-136	51	
471	16	78	0	72	
472	42	102	58	62	94	0	27	
473	10	21	0	40	18	202	30	
474	47	19	108	45	
475	55	49	0	48	12	16	43	
476	48	44	0	25	
477	38	15	0	63	
478	3	42	192	25	42	60	30	
479	51	90	0	77	78	0	79	
480	21	21	0	57	
481	50	109	0	29	107	0	54	
482	35	21	0	56	
483	69	22	168	22	87	-40	70	
484	12	63	0	27	45	0	70	
485	6	12	200	58	
486	56	23	0	23	
487	4	84	0	31	28	0	54	
488	40	37	0	44	
489	40	16	0	69	15	170	27	
490	61	51	0	63	90	0	23	
491	23	75	0	24	
492	77	31	89	32	
493	20	17	92	63	
494	65	86	117	23	
495	12	91	0	34	36	0	51	
496	43	48	152	77	
497	13	92	38	46	
498	17	43	157	41	
499	36	83	35	39	
500	24	86	20	76	
501	42	40	26	66	56	0	20	
502	28	75	42	52	36	165	30	
503	4	11	0	21	96	0	68	
504	24	75	46	58	
505	33	92	0	30	
506	3	74	0	29	45	0	20	
507	13	74	190	41	35	-102	78	
508	21	79	102	37	83	107	61	
509	22	45	0	46	
510	58	85	102	53	58	112	34	
511	71	23	184	21	101	-168	38	
512	42	35	0	53	40	113	23	
513	9	91	0	21	
514	13	64	0	70	67	194	57	
515	47	24	127	67	
516	1	72	0	42	24	0	78	
517	80	60	104	68	35	5	25	
518	64	17	0	44	
519	74	11	20	76	
520	31	103	0	67	
521	38	107	0	34	78	86	27	
522	10	22	131	68	35	84	33	
523	2	58	50	48	
524	51	50	0	71	17	0	25	
525	52	21	173	36	85	16	70	
526	9	38	143	37	41	124	77	
527	15	69	0	37	74	185	34	
528	79	26	0	53	24	0	30	
529	27	38	0	50	72	0	73	
530	15	22	0	50	21	24	22	
531	50	68	153	23	14	-44	48	
532	20	35	0	46	
533	73	107	0	42	
534	40	19	151	39	58	77	27	
535	30	86	0	79	46	0	73	
536	77	65	115	56	66	-86	66	
537	30	63	0	54	64	0	54	
538	20	12	184	57	12	196	48	
539	60	108	0	78	51	0	44	
540	11	90	0	69	
541	72	16	76	71	29	108	69	
542	22	105	192	24	
543	42	97	0	62	27	0	62	
544	1	108	0	42	
545	19	21	0	74	
546	60	65	33	47	27	97	29	
547	63	75	32	30	52	129	32	
548	32	46	0	52	
549	41	22	0	21	
550	11	60	192	46	19	-51	78	
551	72	100	0	79	26	5	26	
552	51	65	0	37	106	0	58	
553	17	58	0	36	36	0	31	
554	80	108	0	44	
555	14	76	0	31	31	0	29	
556	5	38	0	39	
557	69	67	0	75	
558	59	100	189	26	95	-75	75	
559	1	58	0	46	
560	64	88	60	28	43	0	68	
561	34	77	53	21	56	0	76	
562	19	89	171	49	
563	72	14	194	68	35	-145	62	
564	75	48	0	71	
565	71	22	173	52	
566	32	109	0	54	99	33	40	
567	20	38	0	39	
568	27	11	133	75	
569	4	53	159	57	
570	13	76	0	69	104	104	41	
571	54	39	0	52	
572	74	98	0	77	
573	53	58	79	59	
574	23	16	110	49	
575	10	20	165	31	
576	27	20	24	35	
577	48	42	10	72	
578	73	50	104	78	81	0	43	
579	65	95	171	75	
580	22	109	0	71	
581	25	73	18	49	
582	63	53	166	34	
583	2	46	175	37	103	0	53	
584	27	43	34	49	
585	45	59	56	47	
586	39	104	46	35	84	-11	46	
587	71	83	136	36	104	104	33	
588	68	69	137	63	
589	68	85	181	74	97	167	25	
590	59	32	0	62	
591	36	81	0	26	54	61	26	
592	73	106	86	37	
593	43	45	0	41	
594	62	38	19	24	64	71	55	
595	52	102	202	76	36	-124	64	
596	72	101	99	75	
597	65	44	95	73	59	128	56	
598	4	62	48	24	74	117	56	
599	47	28	0	70	40	136	65	
600	19	91	0	24	
601	77	12	36	60	94	146	72	
602	71	92	0	28	
603	53	103	0	55	47	147	46	
604	21	47	144	52	67	85	75	
605	70	89	38	23	
606	49	13	0	32	35	0	78	
607	33	32	31	59	48	149	38	
608	26	34	99	74	
609	17	14	103	49	
610	15	15	16	22	
611	31	84	0	28	
612	24	78	204	25	
613	28	28	198	42	
614	35	96	81	55	
615	20	57	189	40	70	-49	47	
616	54	94	170	68	
617	63	75	170	76	14	0	42	
618	46	91	0	28	99	0	61	
619	3	88	134	55	
620	40	65	166	66	
621	20	43	0	71	
622	10	42	165	55	21	124	24	
623	56	50	0	31	84	0	25	
624	45	46	0	70	72	114	78	
625	16	23	0	51	76	0	54	
626	30	49	172	29	101	116	48	
627	32	43	84	61	64	137	48	
628	74	55	5	35	55	0	73	
629	23	19	110	42	
630	77	51	0	35	
631	57	70	18	74	
632	59	41	0	60	78	105	59	
633	44	103	87	50	
634	8	58	47	71	17	39	70	
635	56	31	126	44	
636	30	50	0	44	
637	62	56	0	46	91	0	44	
638	1	53	0	62	
639	65	101	128	39	
640	43	64	0	61	93	56	65	
641	80	51	104	25	74	0	69	
642	31	21	0	39	61	193	38	
643	2	76	0	73	33	0	48	
644	48	102	0	76	66	0	61	
645	38	32	98	51	
646	8	53	35	21	
647	60	106	0	65	32	0	68	
648	23	94	0	34	
649	22	79	0	67	
650	22	36	195	26	
651	42	80	0	63	
652	59	72	156	52	
653	35	84	58	73	
654	25	43	201	31	43	-182	31	
655	18	86	48	42	25	140	28	
656	66	19	0	44	
657	71	96	0	33	106	0	38	
658	9	40	26	36	
659	3	74	167	65	
660	74	29	0	49	
661	77	107	98	57	
662	40	90	25	55	
663	5	27	0	23	95	173	30	
664	14	78	38	21	
665	20	61	0	32	91	0	79	
666	71	104	0	55	37	101	58	
667	58	83	0	68	67	34	32	
668	8	105	5	75	
669	4	17	15	50	85	193	37	
670	80	45	40	44	
671	66	44	0	27	45	0	79	
672	30	78	123	22	10	178	45	
673	53	105	0	29	42	0	48	
674	56	28	0	33	93	0	26	
675	47	99	0	65	
676	59	83	93	78	
677	21	65	71	54	
678	48	21	111	72	74	0	26	
679	41	81	0	22	
680	37	91	0	51	
681	1	105	183	49	46	113	61	
682	27	85	88	39	
683	58	53	150	39	34	-64	44	
684	8	11	116	55	
685	48	12	17	73	
686	68	70	0	46	37	0	52	
687	8	105	93	71	32	0	60	
688	51	56	0	27	
689	63	58	0	70	
690	2	33	0	58	56	0	67	
691	70	38	50	37	
692	68	92	0	30	65	0	50	
693	38	37	109	24	
694	40	13	134	73	64	0	49	
695	32	47	0	42	
696	22	107	65	30	58	155	60	
697	70	83	0	61	48	7	47	
698	69	101	67	22	67	69	24	
699	31	26	0	74	56	140	65	
700	27	67	117	24	52	0	25	
701	55	32	7	52	11	0	39	
702	32	95	5	32	17	0	50	
703	57	85	20	74	12	0	64	
704	48	31	27	67	73	0	60	
705	78	90	154	29	
706	69	71	51	44	47	0	22	
707	8	25	166	24	39	190	50	
708	53	81	0	77	
709	75	22	124	35	
710	80	31	0	59	
711	6	18	0	38	17	40	38	
712	57	29	0	21	91	23	37	
713	75	54	0	64	33	31	46	
714	78	74	0	68	44	0	69	
715	33	87	0	50	
716	52	104	0	73	47	112	49	
717	32	68	0	59	
718	18	33	150	55	25	-32	43	
719	49	109	22	37	37	162	20	
720	7	70	191	42	
721	34	26	0	73	
722	80	89	0	54	83	0	69	
723	25	82	0	61	33	0	24	
724	14	90	0	61	
725	78	55	0	36	69	0	24	
726	56	53	197	22	108	71	21	
727	44	58	0	60	
728	64	70	24	34	
729	25	25	97	65	53	47	56	
730	43	23	0	39	58	0	21	
731	69	77	165	60	
732	74	72	0	44	
733	49	15	0	69	12	0	26	
734	11	92	145	21	30	22	58	
735	52	55	64	69	
736	49	62	86	50	30	64	73	
737	57	49	93	58	84	64	22	
738	7	27	191	61	
739	20	50	0	75	
740	60	17	0	37	13	0	27	
741	46	101	0	79	
742	28	22	0	68	54	82	27	
743	16	84	0	40	
744	15	75	84	71	100	75	47	
745	22	61	43	39	
746	73	39	200	58	86	-25	78	
747	32	83	184	55	102	-162	57	
748	19	37	167	78	43	203	73	
749	52	80	123	58	
750	31	74	176	40	11	152	79	
751	8	42	0	77	
752	19	10	176	79	94	-147	44	
753	6	27	69	57	
754	29	60	0	72	85	0	63	
755	72	10	133	54	
756	15	97	155	25	21	-154	41	
757	36	70	45	41	
758	19	59	0	49	17	199	26	
759	51	75	90	51	31	-46	71	
760	19	58	19	72	27	0	22	
761	16	87	0	69	77	153	50	
762	51	104	24	41	
763	6	80	64	60	
764	53	57	0	79	
765	18	22	74	28	81	6	41	
766	21	44	0	33	58	0	77	
767	45	56	58	49	93	149	50	
768	28	31	43	79	
769	16	82	5	25	67	87	27	
770	68	77	101	78	
771	26	18	0	52	
772	68	92	0	37	
773	5	45	0	65	
774	33	44	156	22	
775	1	43	138	33	
776	45	64	0	24	67	202	28	
777	47	98	0	54	54	0	20	
778	22	94	42	61	106	47	57	
779	61	82	74	74	
780	62	15	162	63	88	-129	53	
781	45	86	163	51	10	-148	49	
782	9	80	0	62	24	88	43	
783	9	50	0	37	
784	16	26	0	69	34	97	72	
785	69	40	184	69	18	80	58	
786	15	72	73	47	74	0	31	
787	66	46	157	41	96	120	27	
788	31	74	0	70	33	106	34	
789	14	24	130	35	
790	37	106	46	55	
791	21	43	173	33	82	135	63	
792	10	35	0	44	
793	35	88	128	66	72	0	30	
794	31	51	0	23	
795	75	44	37	45	77	0	57	
796	54	37	0	47	63	0	33	
797	54	37	114	55	
798	18	33	0	39	65	0	73	
799	27	15	35	79	
800	68	85	23	31	37	0	56	
801	53	109	152	43	
802	31	61	0	61	
803	18	71	0	71	
804	47	105	173	21	16	-128	51	
805	10	35	0	52	101	191	35	
806	16	45	171	69	
807	27	17	0	52	
808	8	86	197	38	
809	77	91	0	51	
810	75	31	142	76	
811	74	66	0	71	20	0	22	
812	4	37	0	67	102	160	68	
813	72	21	0	42	75	0	60	
814	3	65	163	29	42	149	74	
815	13	21	117	20	
816	14	22	90	42	
817	13	72	0	62	
818	43	39	0	64	89	87	28	
819	38	45	77	75	26	175	36	
820	22	96	0	42	96	0	59	
821	38	14	134	57	32	-99	76	
822	66	85	105	70	61	180	21	
823	7	46	0	61	
824	46	80	34	49	
825	46	14	101	67	37	192	67	
826	27	60	177	50	51	34	22	
827	35	18	54	27	
828	64	16	0	74	28	0	44	
829	26	90	171	76	
830	68	86	0	62	
831	77	95	0	69	66	182	24	
832	43	50	188	79	92	111	49	
833	78	34	0	57	
834	16	91	0	59	47	0	31	
835	58	108	0	46	
836	18	104	94	25	20	87	55	
837	77	45	110	42	
838	77	22	52	22	
839	31	61	0	48	
840	37	32	0	29	105	133	21	
841	77	12	0	56	53	0	62	
842	75	63	0	62	101	139	54	
843	35	42	182	53	50	-124	76	
844	61	41	0	26	
845	73	94	17	71	
846	65	31	0	74	46	0	66	
847	48	61	0	45	41	0	26	
848	64	11	172	29	39	-9	49	
849	41	49	0	32	38	0	64	
850	8	82	189	31	
851	41	64	131	63	
852	53	26	112	38	32	32	36	
853	47	89	0	61	
854	39	26	0	69	
855	55	90	133	72	
856	18	70	0	59	
857	62	76	0	69	91	39	43	
858	48	41	0	76	
859	66	53	141	24	
860	57	12	0	30	22	45	51	
861	28	10	0	64	
862	12	22	0	60	
863	19	26	0	79	78	0	27	
864	53	66	197	61	21	-185	44	
865	57	81	0	79	62	0	55	
866	17	99	104	60	88	-9	25	
867	16	23	197	28	
868	74	50	0	78	33	0	50	
869	17	72	18	78	
870	39	64	0	26	
871	19	66	37	52	
872	41	73	0	25	
873	27	96	79	72	61	-10	73	
874	19	34	0	63	
875	41	19	0	73	
876	54	31	0	46	
877	49	103	21	43	67	123	79	
878	25	12	28	54	
879	32	43	146	38	24	171	62	
880	77	61	103	69	25	-86	64	
881	36	50	0	54	59	119	49	
882	44	34	0	49	19	164	68	
883	6	52	0	36	
884	50	20	79	68	85	-48	25	
885	59	88	174	59	
886	59	10	0	46	
887	71	54	0	45	
888	1	36	0	62	
889	71	64	0	36	42	0	68	
890	73	20	0	49	83	0	43	
891	34	60	29	63	86	185	78	
892	47	20	0	51	59	169	31	
893	47	81	139	69	
894	8	33	179	62	52	0	35	
895	22	33	0	76	79	49	30	
896	1	60	114	67	
897	29	46	0	31	
898	50	91	117	54	96	-40	27	
899	8	42	100	23	
900	15	64	0	31	87	194	58	
901	65	104	0	53	53	0	33	
902	65	105	30	71	
903	47	94	89	70	88	63	31	
904	39	33	0	72	
905	16	41	169	64	
906	24	83	96	24	
907	3	14	0	42	47	0	68	
908	69	21	0	35	76	0	22	
909	52	15	43	51	
910	76	53	0	65	83	0	21	
911	3	68	0	60	55	0	29	
912	18	76	0	43	14	0	42	
913	1	53	0	79	
914	15	44	202	35	
915	71	17	109	32	84	-44	45	
916	28	71	199	60	59	153	58	
917	3	52	187	71	55	-176	79	
918	1	43	85	49	77	20	34	
919	3	25	0	39	23	0	56	
920	63	18	59	61	109	0	21	
921	24	39	177	45	
922	49	106	0	60	
923	28	84	10	46	104	0	61	
924	74	19	0	42	
925	42	73	23	41	
926	66	10	0	53	100	0	66	
927	62	15	0	28	20	0	51	
928	33	101	0	56	
929	46	48	0	74	72	0	73	
930	8	61	0	51	83	0	74	
931	54	14	164	29	
932	68	94	0	25	
933	30	39	98	55	54	-65	71	
934	63	22	138	31	31	0	26	
935	22	74	30	64	
936	35	45	11	56	
937	1	75	0	40	64	0	60	
938	22	28	0	63	
939	25	78	0	35	12	0	58	
940	22	44	25	73	20	-22	78	
941	14	32	152	54	
942	69	41	0	35	74	63	73	
943	38	104	16	32	100	97	26	
944	8	32	147	45	37	-97	71	
945	40	51	0	28	
946	50	66	0	48	91	0	63	
947	4	97	158	37	23	195	22	
948	70	102	97	49	49	0	64	
949	52	79	191	62	
950	68	68	0	23	21	0	61	
951	9	19	0	34	
952	51	85	173	27	
953	20	75	101	33	29	-86	36	
954	59	47	0	25	107	0	72	
955	7	31	31	29	
956	47	26	53	75	27	68	39	
957	76	83	26	42	73	0	38	
958	61	80	76	59	101	60	53	
959	53	11	0	56	
960	66	90	42	61	66	0	44	
961	62	82	81	53	
962	67	54	109	32	93	35	56	
963	24	63	162	55	
964	55	64	143	52	
965	45	54	86	67	
966	62	100	144	53	
967	5	57	49	63	
968	14	81	0	45	
969	62	59	68	62	51	0	70	
970	39	12	80	75	89	-69	26	
971	37	61	0	32	
972	45	94	0	47	69	203	65	
973	25	34	59	74	
974	43	22	87	73	45	-45	64	
975	56	30	160	44	70	-57	59	
976	73	17	159	62	
977	28	31	10	25	83	21	31	
978	39	51	0	47	39	38	59	
979	11	22	71	26	
980	53	82	203	43	12	-170	25	
981	34	27	0	76	
982	21	24	0	70	55	173	65	
983	44	106	96	36	26	108	49	
984	43	72	7	45	78	-7	75	
985	11	61	0	65	
986	66	19	0	25	55	0	67	
987	18	37	0	57	46	0	66	
988	46	30	0	26	96	0	26	
989	45	95	0	59	
990	29	105	0	48	38	57	44	
991	65	80	0	30	
992	19	28	145	70	42	-81	25	
993	56	107	0	31	
994	19	60	0	26	27	8	59	
995	10	108	110	66	
996	40	57	0	45	11	20	64	
997	59	86	0	79	20	77	66	
998	64	15	15	48	
999	35	11	40	56	14	0	33	
1000	22	82	0	21	16	0	44	
