1	48	69	0	74	100	0	29	14	147	36	83	0	23	95	0	40	101	0	35	
2	56	107	0	76	73	0	28	97	0	75	26	0	22	12	0	32	
3	12	15	80	35	98	0	35	21	0	40	30	179	44	22	7	54	103	32	70	32	0	34	
4	9	87	54	62	55	0	33	
5	75	74	95	44	40	184	41	
6	39	104	0	75	76	151	74	21	32	67	35	30	21	21	0	37	93	28	53	60	0	71	
7	58	107	193	28	63	0	70	
8	40	103	119	79	24	0	51	84	0	68	27	0	57	98	0	51	
9	15	42	134	50	86	0	20	
10	64	109	178	76	85	92	74	15	146	21	
11	57	80	175	56	82	0	42	50	0	27	24	28	46	71	0	48	86	137	25	
12	67	72	0	57	86	15	20	15	0	67	36	59	24	
13	47	52	0	70	100	0	42	27	0	25	20	0	20	
14	28	12	176	72	79	0	74	
15	52	21	0	43	11	0	42	91	7	63	32	0	58	
16	45	73	43	68	28	197	76	12	0	29	70	92	24	20	0	69	106	196	55	
17	53	67	0	46	61	153	61	20	0	35	23	103	36	86	0	47	
18	56	45	0	61	81	90	71	12	57	73	103	0	44	
19	9	59	0	33	15	0	39	22	147	71	
20	69	18	0	71	
